489532761713486592562917834258341976631759248947268153125673489876194325394825617
351849267264753819789162354432671598697538421518924673943215786875396142126487935
928461537647538129513792468872156943359847216461923785736219854184375692295684371
165498273978326451342157698457912836289643715631785924793861542824539167516274389
673285491815934726924176583162897345438521967597643218281759634356412879749368152
321479685489156372675238491593687214264391758718524936836712549152943867947865123
574961238918327546263845791682134957439576812751289463895612374127453689346798125
452916783683247519791358624879421356124563897365789142218674935946135278537892461
617259348823416579495783612932164785546872193781935264158397426269541837374628951
237485169456139782189726345361547298724398516895261437912673854578914623643852971
927468135835971624461253978149387562356192487278645391592716843613824759784539216
912345678346278591578691243435712869627589314189463725751824936864937152293156487
259137684461829573378456921693215847145378296782694315526781439814963752937542168
471932658268451379935876142693518724824769531157324896746195283582643917319287465
214538769576942318938167425459371286721685934863429571697853142385214697142796853
734529681519846723862173459145782936927631548386954172251468397673295814498317265
879654312452139687613728594965487123187392456324516978791843265536271849248965731
195247683476358921238916574589734216364192758721685439953421867817569342642873195
657348129298157436413629587849571362361294758725863941134786295982415673576932814
217369845489517623563428971835672194196834257742195386624781539378956412951243768
381649572259783164746512389935876241128394657674251938593428716862137495417965823
789415326216839754453726891897163245641582937325947168578294613964371582132658479
971264385854731692263895741592186473637429518418357269749513826326948157185672934
469783251327651894815294367136928475984375126752416983678132549543869712291547638
253461879879352614641897253718539462425186937936724581382975146564213798197648325
593672148612483957487951326865194732139726485724538691248317569351869274976245813
943586217786214935215973468467351892329468751851729643538697124192845376674132589
247368915163954872589217364624539781315872649798641253476123598852496137931785426
547912683893675214621843975379486152158329746264157839735291468986734521412568397
397654281542981376186732945873496152264517839951328764725143698438269517619875423