08 00 32 00 17 03 08 00 02 50 00 07 03 00 50 00 19 70 60 07 09 00 80 47 20 00 50 02 06 00 00 98 00 09
03 05 30 00 82 00 10 00 00 09 00 70 60 00 08 00 78 90 62 35 04 30 60 05 90 09 05 08 02 00 18 00 40
73 04 32 10 78 60 05 00 00 40 10 04 00 00 90 04 01 00 70 47 50 80 00 00 10 70 00 40 80 02 10 00 03
30 90 00 20 64 00 00 37 00 70 60 09 05 00 00 30 56 90 20 06 00 01 10 00 00 20 30 78 02 64 01 34 01
07 00 00 50 00 28 06 08 00 00 01 06 01 70 00 20 00 08 01 04 28 04 53 01 60 50 60 00 00 96 00 20 04
00 10 30 56 90 20 06 00 01 10 00 00 20 50 38 40 05 03 60 72 00 00 00 90 00 00 08 50 49 06 00 67 10
50 90 00 04 30 07 04 00 05 12 50 00 09 01 00 80 08 00 05 00 06 00 40 09 06 00 10 40 07 00 90 00 8
00 70 02 02 14 00 08 04 00 15 00 00 60 50 36 72 00 05 03 60 72 00 00 01 60 05 00 00 30 90 16 20 00 06
00 00 09 07 00 03 00 04 05 00 00 03 00 00 08 09 40 13 00 10 00 00 07 00 57 91 02 00 00 04 00 06 03
02 00 03 08 00 00 10 00 00 50 34 00
